TSP040.txt
Nearest neighbour tour starting from each city
0 6 29 19 1 12 24 22 28 14 25 27 16 15 4 5 11 7 38 8 13 39 34 35 33 18 30 10 20 26 36 3 37 32 21 23 9 31 17 2 : 5192284.79

1 12 24 22 28 14 25 27 16 15 4 5 11 7 38 8 13 39 34 35 33 18 30 10 20 26 36 3 37 32 21 23 9 31 17 2 6 0 29 19 : 5097066.73

2 17 29 19 1 12 24 22 28 14 25 27 16 15 4 5 11 7 38 8 13 39 34 35 33 18 30 10 20 26 36 3 37 32 21 23 9 31 6 0 : 5431630.82

3 37 32 21 23 9 31 36 20 26 10 30 18 33 35 34 38 7 11 5 4 19 29 0 6 1 12 24 22 28 14 25 27 16 15 13 8 39 17 2 : 5996407.43

4 5 11 7 38 8 13 39 34 35 33 18 30 10 20 26 36 3 37 32 21 23 9 31 17 2 6 0 29 19 1 12 24 22 28 14 25 27 16 15 : 5097066.73

5 11 7 38 8 13 4 19 29 0 6 1 12 24 22 28 14 25 27 16 15 26 20 10 30 18 33 35 34 39 36 3 37 32 21 23 9 31 17 2 : 6309311.14

6 0 29 19 1 12 24 22 28 14 25 27 16 15 4 5 11 7 38 8 13 39 34 35 33 18 30 10 20 26 36 3 37 32 21 23 9 31 17 2 : 5097066.73

7 11 5 10 30 18 33 35 34 38 8 13 4 19 29 0 6 1 12 24 22 28 14 25 27 16 15 26 20 36 3 37 32 21 23 9 31 17 2 39 : 6432677.26

8 13 11 7 38 39 34 35 33 18 30 10 20 26 36 3 37 32 21 23 9 31 17 2 6 0 29 19 1 12 24 22 28 14 25 27 16 15 4 5 : 5085502.22

9 37 3 32 21 23 31 36 20 26 10 30 18 33 35 34 38 7 11 5 4 19 29 0 6 1 12 24 22 28 14 25 27 16 15 13 8 39 17 2 : 5964355.91

10 30 18 33 35 34 38 7 11 5 20 26 36 3 37 32 21 23 9 31 17 2 6 0 29 19 1 12 24 22 28 14 25 27 16 15 4 13 8 39 : 5412856.78

11 7 38 8 13 5 10 30 18 33 35 34 39 20 26 36 3 37 32 21 23 9 31 17 2 6 0 29 19 1 12 24 22 28 14 25 27 16 15 4 : 5504303.76

12 1 24 22 28 14 25 27 16 15 4 5 11 7 38 8 13 39 34 35 33 18 30 10 20 26 36 3 37 32 21 23 9 31 17 2 6 0 29 19 : 5102746.43

13 8 11 7 38 39 34 35 33 18 30 10 20 26 36 3 37 32 21 23 9 31 17 2 6 0 29 19 1 12 24 22 28 14 25 27 16 15 4 5 : 5070351.73

14 25 27 16 15 4 5 11 7 38 8 13 39 34 35 33 18 30 10 20 26 36 3 37 32 21 23 9 31 17 2 6 0 29 19 1 12 24 22 28 : 5097066.73

15 16 14 25 27 28 22 24 12 1 19 29 0 6 17 2 3 37 32 21 23 9 31 36 20 26 10 30 18 33 35 34 38 7 11 5 4 13 8 39 : 5694067.47

16 14 25 27 15 4 5 11 7 38 8 13 39 34 35 33 18 30 10 20 26 36 3 37 32 21 23 9 31 17 2 6 0 29 19 1 12 24 22 28 : 5084702.29

17 2 6 0 29 19 1 12 24 22 28 14 25 27 16 15 4 5 11 7 38 8 13 39 34 35 33 18 30 10 20 26 36 3 37 32 21 23 9 31 : 5097066.73

18 30 10 20 26 36 3 37 32 21 23 9 31 33 35 34 38 7 11 5 4 19 29 0 6 1 12 24 22 28 14 25 27 16 15 13 8 39 17 2 : 6521854.51

19 29 0 6 1 12 24 22 28 14 25 27 16 15 4 5 11 7 38 8 13 39 34 35 33 18 30 10 20 26 36 3 37 32 21 23 9 31 17 2 : 5344417.88

20 26 36 3 37 32 21 23 9 31 33 18 30 10 7 11 5 4 19 29 0 6 1 12 24 22 28 14 25 27 16 15 13 8 38 39 34 35 17 2 : 6152326.14

21 23 32 37 3 9 31 36 20 26 10 30 18 33 35 34 38 7 11 5 4 19 29 0 6 1 12 24 22 28 14 25 27 16 15 13 8 39 17 2 : 6194514.75

22 28 24 12 1 19 29 0 6 17 2 3 37 32 21 23 9 31 36 20 26 10 30 18 33 35 34 38 7 11 5 4 15 16 14 25 27 13 8 39 : 6114004.32

23 21 32 37 3 9 31 36 20 26 10 30 18 33 35 34 38 7 11 5 4 19 29 0 6 1 12 24 22 28 14 25 27 16 15 13 8 39 17 2 : 6159872.73

24 12 1 22 28 14 25 27 16 15 4 5 11 7 38 8 13 39 34 35 33 18 30 10 20 26 36 3 37 32 21 23 9 31 17 2 6 0 29 19 : 5118702.98

25 27 16 14 28 22 24 12 1 19 29 0 6 17 2 3 37 32 21 23 9 31 36 20 26 10 30 18 33 35 34 38 7 11 5 4 15 13 8 39 : 6026728.73

26 20 10 30 18 33 35 34 38 7 11 5 4 19 29 0 6 1 12 24 22 28 14 25 27 16 15 13 8 39 36 3 37 32 21 23 9 31 17 2 : 6018355.55

27 25 14 16 15 4 5 11 7 38 8 13 39 34 35 33 18 30 10 20 26 36 3 37 32 21 23 9 31 17 2 6 0 29 19 1 12 24 22 28 : 5152191.93

28 22 24 12 1 19 29 0 6 17 2 3 37 32 21 23 9 31 36 20 26 10 30 18 33 35 34 38 7 11 5 4 15 16 14 25 27 13 8 39 : 6104835.63

29 19 1 12 24 22 28 14 25 27 16 15 4 5 11 7 38 8 13 39 34 35 33 18 30 10 20 26 36 3 37 32 21 23 9 31 17 2 6 0 : 5097066.73

30 10 18 33 35 34 38 7 11 5 20 26 36 3 37 32 21 23 9 31 17 2 6 0 29 19 1 12 24 22 28 14 25 27 16 15 4 13 8 39 : 5412552.59

31 23 21 32 37 3 9 36 20 26 10 30 18 33 35 34 38 7 11 5 4 19 29 0 6 1 12 24 22 28 14 25 27 16 15 13 8 39 17 2 : 6041780.96

32 21 23 9 37 3 36 20 26 10 30 18 33 35 34 38 7 11 5 4 19 29 0 6 1 12 24 22 28 14 25 27 16 15 13 8 39 17 2 31 : 5963596.05

33 18 30 10 20 26 36 3 37 32 21 23 9 31 17 2 6 0 29 19 1 12 24 22 28 14 25 27 16 15 4 5 11 7 38 8 13 39 34 35 : 5097066.73

34 35 33 18 30 10 20 26 36 3 37 32 21 23 9 31 17 2 6 0 29 19 1 12 24 22 28 14 25 27 16 15 4 5 11 7 38 8 13 39 : 5097066.73

35 33 18 30 10 20 26 36 3 37 32 21 23 9 31 17 2 6 0 29 19 1 12 24 22 28 14 25 27 16 15 4 5 11 7 38 8 13 39 34 : 5097066.73

36 20 26 10 30 18 33 35 34 38 7 11 5 4 19 29 0 6 1 12 24 22 28 14 25 27 16 15 13 8 39 3 37 32 21 23 9 31 17 2 : 6198363.11

37 3 9 21 23 32 31 36 20 26 10 30 18 33 35 34 38 7 11 5 4 19 29 0 6 1 12 24 22 28 14 25 27 16 15 13 8 39 17 2 : 6060329.07

38 7 11 5 10 30 18 33 35 34 39 8 13 4 19 29 0 6 1 12 24 22 28 14 25 27 16 15 26 20 36 3 37 32 21 23 9 31 17 2 : 6268725.11

39 38 7 11 5 10 30 18 33 35 34 20 26 36 3 37 32 21 23 9 31 17 2 6 0 29 19 1 12 24 22 28 14 25 27 16 15 4 13 8 : 5316353.64

Best of those
13 8 11 7 38 39 34 35 33 18 30 10 20 26 36 3 37 32 21 23 9 31 17 2 6 0 29 19 1 12 24 22 28 14 25 27 16 15 4 5 : 5070351.73

Improvements on the best
13 8 11 7 38 39 34 35 33 18 30 10 20 26 36 3 37 32 21 23 31 9 17 2 6 0 29 19 1 12 24 22 28 14 25 27 16 15 4 5 : 4837180.85

13 8 11 7 38 39 34 35 33 18 30 10 20 26 36 3 37 32 21 31 23 9 17 2 6 0 29 19 1 12 24 22 28 14 25 27 16 15 4 5 : 4810247.65

7 11 8 13 38 39 34 35 33 18 30 10 20 26 36 3 37 32 21 31 23 9 17 2 6 0 29 19 1 12 24 22 28 14 25 27 16 15 4 5 : 4795123.53

7 11 13 8 38 39 34 35 33 18 30 10 20 26 36 3 37 32 21 31 23 9 17 2 6 0 29 19 1 12 24 22 28 14 25 27 16 15 4 5 : 4772187.12


