TSP280.txt
Nearest neighbour
0 54 220 63 164 137 265 91 203 112 58 28 181 56 226 48 8 123 24 168 163 249 279 208 43 201 228 64 6 18 240 273 33 102 131 135 88 147 42 219 175 60 73 138 161 3 106 84 93 9 77 162 187 171 67 177 95 134 202 167 149 209 124 52 269 96 78 227 146 1 243 165 274 39 75 255 72 128 59 237 259 247 141 114 245 65 92 110 14 257 276 200 47 195 17 250 148 22 121 99 261 7 136 170 231 25 190 87 193 223 98 232 116 41 211 229 151 277 233 196 198 85 130 19 109 49 252 20 107 100 51 258 104 2 23 230 267 79 180 118 169 10 221 183 185 86 122 218 113 216 154 61 143 271 55 90 241 270 13 184 16 117 159 145 278 37 29 214 188 215 27 210 266 157 94 38 264 155 34 160 127 26 199 80 12 224 142 35 129 235 15 246 275 30 5 204 89 70 253 207 263 119 108 69 222 4 173 76 268 178 248 236 166 212 251 197 176 83 260 103 62 189 45 239 150 126 32 50 144 262 115 105 172 213 158 132 66 74 186 82 206 174 57 242 71 225 272 153 152 21 81 192 217 238 205 182 140 256 133 191 11 194 68 40 125 46 254 244 234 156 179 36 31 139 53 111 44 97 120 101 
cost 14187395.53
Improved
0 54 220 63 164 137 265 91 112 203 58 28 181 56 226 48 168 24 123 8 163 249 279 208 43 201 228 64 6 18 240 273 33 102 131 135 88 147 42 219 175 60 73 138 3 161 106 84 93 9 77 162 187 171 67 177 95 134 202 167 149 209 124 52 269 96 78 227 1 146 243 165 274 39 75 255 128 72 59 237 259 247 141 114 245 65 110 92 14 257 276 200 47 195 17 250 148 22 121 99 261 136 7 170 231 25 190 232 98 223 193 87 116 41 211 229 151 277 233 198 196 85 130 19 109 49 252 20 258 51 100 107 104 2 230 23 267 79 180 118 169 10 221 183 185 86 122 218 113 216 154 143 61 271 55 90 241 270 13 184 16 117 159 145 278 37 29 214 188 215 27 210 266 157 94 38 264 155 34 160 127 26 199 80 12 224 142 35 129 235 15 246 275 30 5 204 89 70 253 207 263 119 108 69 222 4 173 76 268 178 248 236 166 212 251 197 176 83 260 103 62 189 45 239 150 126 32 50 144 262 115 105 172 158 213 132 66 74 186 82 206 71 242 57 174 272 225 153 152 21 81 192 217 205 238 182 140 256 133 191 11 194 68 40 125 46 254 244 234 156 179 36 31 139 53 111 44 97 120 101 
cost 13833855.87

TSP110.txt
Nearest neighbour
0 82 96 27 20 26 28 16 58 61 39 45 97 3 35 108 23 57 29 55 11 74 67 37 64 94 17 6 19 65 109 59 60 92 100 63 14 48 41 79 8 101 102 81 91 10 103 25 50 34 107 71 18 76 72 104 2 93 95 40 5 38 73 49 69 86 56 85 4 46 66 83 89 7 68 31 87 24 98 13 70 32 75 99 84 77 12 30 21 88 106 42 36 78 53 44 15 33 62 1 51 22 54 47 9 52 90 80 43 105 
cost 9037549.04
Improved
0 82 96 27 20 26 28 16 58 61 39 45 97 3 35 108 23 57 29 55 11 67 74 37 64 94 17 6 19 109 65 59 60 92 100 63 14 48 41 79 8 101 102 91 81 10 103 25 50 34 107 71 18 76 72 104 2 93 40 44 5 38 73 49 69 86 85 56 4 46 83 66 89 7 68 31 87 24 98 70 13 32 75 99 84 77 12 30 42 21 88 106 36 78 95 53 15 33 62 1 51 22 54 47 9 52 90 80 43 105 
cost 8475708.45

TSP120.txt
Nearest neighbour
0 44 26 42 119 53 24 2 60 46 55 7 58 69 27 43 5 36 48 23 15 59 104 74 17 8 3 90 84 29 93 102 115 56 21 50 16 10 105 83 72 80 13 19 111 40 88 30 32 94 103 52 38 71 85 106 65 63 86 78 81 95 117 1 33 98 12 37 64 41 18 116 91 75 101 25 118 79 34 110 11 28 77 51 35 47 57 107 82 100 39 20 9 97 114 49 108 112 67 4 113 70 14 22 96 68 109 66 31 92 54 61 87 6 89 76 99 62 45 73 
cost 9743258.80
Improved
0 62 44 26 42 119 53 24 2 60 46 55 7 58 69 27 43 5 36 48 23 15 59 104 74 17 8 3 90 84 29 93 102 115 56 21 50 16 10 105 83 72 80 13 19 111 30 88 40 94 32 103 52 38 85 71 106 65 63 86 78 81 95 117 33 1 98 12 37 41 64 18 116 91 75 101 25 118 79 34 110 11 28 35 77 51 47 57 107 82 100 39 20 9 97 114 49 108 112 67 4 113 70 22 14 96 68 92 66 109 31 54 61 89 6 87 76 99 45 73 
cost 9273883.17

TSP250.txt
Nearest neighbour
0 110 1 211 104 96 165 240 58 198 161 194 213 111 219 33 81 39 61 65 4 186 19 234 150 50 44 146 184 167 239 249 208 57 45 179 120 187 17 91 83 174 95 203 139 38 145 138 35 232 122 121 118 171 233 172 216 157 24 227 124 48 140 199 67 193 85 114 46 92 5 236 141 30 72 101 70 205 206 10 153 201 21 9 238 59 98 117 23 183 188 68 123 99 102 148 49 78 218 76 225 133 181 40 52 47 237 12 246 20 62 26 135 6 28 217 80 131 82 29 197 209 7 177 3 235 34 41 89 231 182 73 207 144 226 103 86 176 93 69 66 247 169 63 159 37 60 136 200 242 75 195 168 74 228 222 87 108 245 42 32 128 125 185 156 192 43 71 220 8 94 162 18 134 13 16 166 221 142 248 53 109 202 112 180 97 27 173 210 56 151 215 164 190 31 127 90 36 155 64 132 204 15 105 160 163 25 241 143 115 55 191 149 129 88 196 11 116 106 189 113 175 223 51 126 229 22 170 77 2 230 212 147 79 130 214 152 154 107 158 14 243 54 224 84 100 244 119 178 137 
cost 13790159.53
Improved
0 110 1 211 104 96 165 240 58 198 161 194 213 111 219 33 81 39 61 65 4 186 19 234 150 50 44 146 184 167 239 249 208 57 45 179 120 187 17 91 83 174 95 203 139 38 145 138 35 232 122 121 118 171 233 172 216 157 24 227 124 48 140 199 67 193 85 114 92 46 236 5 141 30 72 101 70 205 206 10 153 201 21 9 238 59 98 117 23 183 188 68 123 99 102 148 49 78 218 76 225 133 181 40 52 47 237 12 246 20 135 26 62 6 28 217 80 131 82 29 197 209 7 177 3 235 34 41 89 231 182 73 207 144 226 103 176 86 93 69 66 247 169 63 159 37 60 136 200 242 75 195 168 74 228 222 87 108 245 42 32 128 185 125 156 192 43 71 220 8 94 162 18 134 13 16 166 221 142 248 53 109 202 112 180 97 173 27 210 56 151 215 164 190 31 127 90 36 155 64 132 204 15 105 160 163 25 241 143 115 55 191 149 129 88 196 11 116 106 189 113 175 223 51 126 229 22 170 77 2 230 212 147 79 130 214 154 152 107 158 14 54 224 243 100 84 244 119 178 137 
cost 13666612.86

TSP030.txt
Nearest neighbour
0 1 23 20 15 18 24 6 13 19 7 26 4 10 21 16 5 3 2 22 29 9 11 27 14 12 25 8 28 17 
cost 4641818.91
Improved
0 1 23 20 15 18 24 6 13 7 19 26 4 10 21 16 5 3 2 22 29 9 11 27 14 12 25 8 28 17 
cost 4563344.84

TSP150.txt
Nearest neighbour
0 41 6 49 18 48 93 144 83 11 33 97 5 120 148 96 43 26 142 30 102 7 47 84 61 2 121 73 42 27 147 10 110 115 101 106 112 129 104 125 88 16 76 108 4 105 127 90 67 34 74 82 114 135 25 54 51 37 80 3 124 46 138 103 8 77 116 146 72 21 145 111 130 70 123 141 28 128 53 133 66 86 92 64 32 119 44 132 63 57 118 109 81 35 78 113 38 9 59 117 71 149 87 55 62 36 45 56 107 139 60 17 79 39 58 50 99 24 140 95 22 69 14 143 94 68 1 137 52 91 122 65 19 98 13 100 89 31 40 126 134 29 15 131 23 75 12 20 85 136 
cost 10868253.61
Improved
0 41 6 49 18 48 93 144 83 11 33 97 120 148 5 43 96 26 142 30 102 7 47 84 61 2 121 73 27 42 129 10 110 115 147 101 106 112 104 125 88 16 76 108 4 105 127 90 67 34 74 82 114 135 25 37 51 54 80 3 124 46 138 103 8 146 116 77 72 21 145 111 130 70 123 141 28 128 53 133 66 86 92 64 32 119 44 132 63 57 118 109 38 78 35 113 81 9 59 117 71 149 87 55 62 36 45 56 107 139 60 17 79 39 99 50 58 24 140 95 22 69 143 14 94 68 1 137 52 91 122 65 19 98 13 100 89 31 29 134 126 40 23 75 12 131 15 20 85 136 
cost 10389028.90

TSP070.txt
Nearest neighbour
0 43 55 8 47 29 62 19 68 37 46 18 49 1 36 30 25 67 34 53 6 54 63 59 10 31 48 28 57 11 23 4 35 26 13 21 39 66 38 51 9 33 56 17 44 50 24 14 60 27 7 22 3 58 45 40 5 12 69 65 16 42 61 20 2 41 32 52 15 64 
cost 7254076.69
Improved
0 43 55 8 47 19 62 29 68 37 46 18 49 1 36 30 25 67 34 53 6 54 63 59 10 31 48 28 57 11 23 4 35 26 13 21 39 66 38 51 33 9 56 17 44 50 24 14 60 27 7 22 3 58 45 12 5 40 69 65 16 42 61 20 2 41 32 52 15 64 
cost 7141224.99

TSP020.txt
Nearest neighbour
0 6 18 5 2 3 8 4 17 12 13 19 11 15 7 16 10 1 14 9 
cost 4111595.19
Improved
0 6 5 18 2 3 8 4 17 12 19 13 11 15 7 16 10 1 14 9 
cost 4090653.48

TSP300.txt
Nearest neighbour
0 4 25 30 39 254 247 48 229 110 170 132 50 102 292 67 92 46 118 112 284 161 235 169 74 294 182 9 104 289 298 193 12 21 31 192 227 185 186 10 51 148 234 253 2 197 248 177 87 162 208 150 152 57 29 288 201 256 55 203 34 65 37 17 188 258 137 36 5 69 49 239 163 266 44 211 273 134 52 238 283 94 22 168 111 233 62 221 141 146 64 189 220 97 116 99 244 255 124 286 187 121 245 136 204 156 142 149 297 72 73 47 180 151 24 223 127 207 172 85 210 58 76 11 59 157 7 280 195 214 212 202 16 91 166 272 1 299 226 242 60 237 154 86 282 126 213 224 40 18 125 205 278 145 265 260 138 291 96 143 285 133 159 200 63 89 6 106 109 158 219 178 61 194 105 77 107 252 20 115 206 251 259 176 240 81 165 56 215 135 232 160 268 84 293 296 32 66 196 270 53 276 175 231 199 130 117 100 41 262 3 198 93 88 225 95 90 108 190 287 218 26 250 122 82 241 230 243 98 275 45 261 167 8 269 114 13 184 78 42 181 15 249 191 271 70 257 33 236 43 209 179 119 71 246 83 173 155 147 279 131 183 140 123 54 267 264 295 113 101 80 23 129 27 277 139 274 19 263 28 14 217 153 75 171 103 281 290 144 222 228 174 216 68 38 128 35 120 79 164 
cost 15423272.84
Improved
0 25 4 231 39 254 247 48 229 110 170 132 50 102 292 67 92 46 118 112 284 161 235 169 74 294 182 9 104 289 298 12 193 21 31 192 227 185 186 10 51 253 234 148 197 2 248 177 87 162 208 150 152 57 29 288 201 256 55 34 203 65 37 17 188 137 258 36 5 69 49 239 163 266 44 211 273 134 52 238 283 94 22 168 233 111 62 221 141 146 64 220 189 97 116 99 244 255 124 286 187 121 245 136 204 156 297 149 142 72 73 47 180 151 24 223 127 207 172 85 210 58 76 91 212 157 214 7 280 195 166 202 16 11 59 272 1 242 226 299 60 237 154 86 282 126 213 224 40 18 125 278 205 145 265 260 138 291 96 143 285 159 133 63 89 200 6 106 109 158 219 178 61 194 105 77 107 252 20 115 206 251 259 176 240 81 165 56 232 135 215 160 268 84 293 296 32 66 196 270 53 276 175 30 199 130 117 100 41 262 3 198 93 88 225 95 90 108 190 287 218 26 250 122 82 241 230 243 98 275 45 261 167 8 269 114 13 184 78 42 15 181 249 191 271 70 257 33 236 43 209 179 119 71 246 83 173 155 147 279 131 183 123 140 54 267 264 295 113 101 129 23 80 27 277 139 274 19 263 28 14 217 153 75 171 103 281 290 144 222 228 174 38 68 216 128 35 120 79 164 
cost 15028172.92

TSP230.txt
Nearest neighbour
0 5 84 49 175 80 151 111 156 86 21 95 119 128 70 123 200 184 12 68 126 132 72 31 217 124 54 73 71 202 210 34 120 19 27 161 61 206 20 83 98 136 185 133 28 16 115 100 201 153 82 207 23 169 108 203 92 213 47 142 118 17 227 43 165 24 90 94 4 109 42 114 11 104 91 89 51 178 33 216 181 166 212 135 117 99 221 186 29 137 199 224 57 146 50 229 208 85 187 167 10 103 150 39 209 63 130 168 183 144 225 177 3 45 190 88 1 148 192 127 14 189 97 218 87 158 106 112 138 67 204 41 37 172 76 160 125 159 13 139 74 222 188 155 131 56 25 53 102 65 59 8 105 81 154 75 93 35 122 2 205 46 193 170 22 36 64 220 77 113 214 191 6 40 107 157 176 69 179 182 60 30 180 173 66 219 44 162 174 7 194 18 121 163 116 9 228 26 149 198 211 215 55 134 101 145 195 196 15 141 96 129 140 171 62 147 226 164 52 143 32 152 38 110 48 58 79 197 223 78 
cost 12738066.99
Improved
0 5 84 49 175 80 151 111 156 86 21 95 119 128 70 123 200 51 184 12 72 132 126 31 217 124 54 202 71 73 210 34 120 19 27 161 61 206 20 83 98 136 185 115 133 16 28 100 201 153 82 207 23 169 108 203 92 213 47 142 118 17 227 43 165 24 90 94 4 109 42 114 11 104 89 91 68 178 33 216 181 166 212 135 117 99 221 186 29 137 199 224 57 146 50 229 208 85 187 167 10 103 150 39 209 63 130 168 183 3 177 225 144 45 190 88 1 148 192 127 189 14 97 218 87 158 106 112 138 67 204 41 37 172 76 160 125 159 13 139 74 222 188 155 131 56 25 53 102 65 59 8 105 81 154 75 93 122 35 2 205 46 193 170 22 36 64 220 77 113 214 191 6 40 107 157 176 69 179 60 182 30 180 173 66 219 44 162 174 7 194 18 121 163 116 9 228 26 149 198 211 215 55 134 101 145 195 196 15 141 96 129 140 171 62 147 226 164 52 143 32 152 38 110 48 58 79 197 223 78 
cost 12351241.33

TSP130.txt
Nearest neighbour
0 42 62 98 111 103 41 78 123 94 50 60 115 118 21 49 96 82 6 125 16 73 56 72 86 38 97 128 77 15 63 79 104 12 74 9 80 99 122 90 57 127 89 92 28 40 76 58 34 14 10 27 48 44 46 70 95 105 121 87 25 3 22 59 107 93 71 110 126 47 109 35 102 117 13 37 129 64 114 66 33 45 8 112 101 67 19 36 124 32 113 68 116 2 7 17 39 54 4 106 43 31 18 108 29 91 65 84 20 83 81 55 23 26 1 85 52 53 88 5 24 11 30 69 120 100 61 51 119 75 
cost 10173882.08
Improved
0 42 62 98 111 41 103 78 123 94 50 88 118 115 21 49 96 82 6 125 16 73 56 72 86 38 97 128 77 15 79 63 104 74 12 9 80 99 122 90 57 127 89 92 28 40 76 58 34 10 14 27 48 44 70 46 95 105 121 87 25 3 22 59 107 93 71 126 110 47 109 117 102 35 13 37 129 64 114 66 33 45 8 112 101 67 19 36 124 32 113 68 116 2 7 17 54 39 4 31 43 106 18 108 29 91 65 84 20 81 83 55 23 26 1 60 85 52 53 5 24 11 30 69 120 61 100 51 119 75 
cost 9782856.83

TSP170.txt
Nearest neighbour
0 34 78 136 74 107 169 51 81 118 134 18 22 44 5 28 17 157 139 99 65 55 49 161 19 127 56 67 82 104 93 68 8 10 46 84 140 148 13 137 61 147 43 26 138 162 38 57 24 116 164 121 37 167 155 86 72 135 31 63 32 76 150 117 64 113 35 159 168 125 109 48 111 6 71 4 131 73 133 20 79 45 66 12 145 114 7 16 123 146 41 151 29 97 126 156 112 96 120 21 88 60 100 91 102 122 152 27 115 39 108 143 90 158 92 129 128 95 40 70 62 80 83 77 141 160 142 105 23 165 14 15 42 89 124 52 144 33 132 53 103 154 85 98 58 2 54 3 166 9 87 153 119 130 11 163 106 75 149 36 47 59 25 101 1 94 110 69 30 50 
cost 11657620.10
Improved
0 34 78 136 74 107 169 51 81 118 134 18 22 44 5 28 17 157 139 99 65 55 49 161 19 127 56 82 67 104 93 68 8 10 46 84 140 148 13 137 61 147 43 26 138 162 38 57 24 116 164 121 37 155 86 167 72 135 31 63 32 76 150 117 64 113 35 159 168 125 109 48 111 6 71 4 131 73 133 20 79 45 66 12 145 114 7 16 146 123 41 151 29 97 126 156 112 96 120 21 88 60 100 91 102 122 152 27 115 39 108 143 90 158 92 129 128 95 40 70 62 80 83 77 141 160 142 105 23 165 14 15 42 89 124 52 144 33 132 53 103 154 85 98 58 2 54 3 166 9 87 153 119 130 163 11 106 75 149 36 47 59 25 101 1 94 110 69 30 50 
cost 11579770.40

TSP220.txt
Nearest neighbour
0 41 52 207 25 30 13 171 53 78 60 45 122 202 197 37 159 31 12 205 115 99 20 77 75 1 178 55 9 191 129 56 112 4 85 138 168 50 119 5 11 140 70 102 47 172 204 136 23 135 120 131 123 185 141 118 100 22 91 139 44 80 79 38 157 174 210 67 97 84 32 144 161 151 107 148 219 71 73 86 134 158 64 116 10 72 154 65 188 7 87 150 89 59 189 48 39 184 3 126 61 109 133 208 137 147 82 203 76 216 40 155 181 96 206 127 179 15 101 217 92 198 218 187 46 105 212 16 200 177 19 194 173 114 145 108 110 121 27 215 106 68 83 201 35 163 43 94 214 62 164 103 49 169 186 176 14 95 124 34 98 190 28 149 58 199 63 142 29 117 143 160 153 146 196 18 211 167 213 42 209 166 125 66 8 24 180 128 130 193 113 17 88 26 156 175 74 6 93 81 162 36 182 165 192 170 195 2 104 111 132 33 152 69 21 57 183 54 90 51 
cost 13179734.36
Improved
0 41 52 207 25 171 13 30 53 78 60 45 122 202 197 37 159 31 115 205 12 99 20 77 75 47 178 55 9 191 129 56 112 4 85 138 168 50 119 5 11 140 70 102 172 1 204 136 23 135 120 131 123 185 141 118 100 22 91 139 44 80 79 157 38 174 210 67 97 84 32 144 107 151 161 148 219 71 73 86 134 158 64 116 10 72 154 65 188 7 87 150 89 59 189 48 39 184 3 126 61 109 133 208 137 147 82 203 76 216 40 96 181 155 127 206 179 15 101 217 92 198 218 46 187 105 212 16 200 177 19 194 173 114 145 108 110 121 27 215 106 68 83 201 35 163 43 94 214 62 164 103 49 169 186 176 14 95 124 34 98 190 28 149 58 199 63 142 29 117 143 160 153 146 111 18 211 167 213 42 209 166 125 66 8 24 180 128 130 193 113 17 88 26 156 175 74 6 93 81 162 36 182 165 170 195 2 104 192 196 132 33 152 69 21 57 183 90 54 51 
cost 12621659.08

TSP240.txt
Nearest neighbour
0 78 104 73 118 161 189 167 22 20 75 88 13 58 90 72 16 226 157 80 39 10 116 50 32 54 227 55 84 52 221 196 25 199 60 213 140 208 119 160 162 121 6 71 235 210 204 205 1 170 228 56 21 106 98 124 99 122 59 231 8 125 18 180 4 19 105 31 33 214 128 230 239 194 202 76 41 11 43 176 24 171 201 62 87 185 46 77 51 169 184 91 61 132 7 64 27 48 28 110 135 85 168 183 144 86 83 217 236 178 113 34 68 233 155 216 181 224 112 195 206 198 149 131 5 147 174 225 40 191 153 192 42 57 172 14 130 3 190 148 74 109 165 93 92 154 47 146 237 117 151 197 187 141 143 203 139 126 2 108 79 182 218 156 229 100 29 30 102 200 120 114 212 49 207 137 152 215 95 9 17 134 219 63 23 111 26 129 145 232 138 238 94 123 67 164 186 175 96 159 142 127 222 173 66 150 136 37 166 101 107 158 163 177 179 70 15 209 45 65 12 103 211 36 53 115 188 97 193 220 44 69 82 35 223 89 234 81 38 133 
cost 14104728.24
Improved
0 78 104 73 118 161 167 189 22 20 75 88 13 58 90 72 16 226 157 80 39 10 116 50 32 54 227 84 55 52 221 196 25 199 60 213 140 208 119 160 162 121 6 71 235 210 204 205 1 170 228 56 106 21 98 124 99 122 59 231 8 125 18 180 4 19 105 31 33 214 128 230 202 239 194 76 41 11 43 176 24 171 201 62 87 185 46 181 51 169 184 91 61 132 7 64 27 48 28 110 135 85 168 183 144 83 86 217 236 178 113 233 34 68 155 216 224 112 195 172 206 198 149 131 5 77 147 174 225 40 191 153 192 42 57 130 14 3 190 148 165 74 109 93 92 146 47 154 237 117 151 197 187 141 143 203 79 108 2 126 139 182 218 156 229 100 29 30 102 200 120 114 212 49 207 137 152 215 95 9 17 134 219 63 23 111 129 145 26 138 232 238 94 123 67 164 96 175 186 159 142 127 66 173 222 136 150 37 166 101 107 158 163 177 179 70 15 209 45 65 12 103 211 36 53 115 188 97 193 220 69 44 82 35 89 223 234 81 38 133 
cost 13243422.00

TSP090.txt
Nearest neighbour
0 37 64 31 36 67 28 19 43 88 5 53 60 63 44 72 25 62 80 58 34 4 77 82 81 86 7 26 57 21 45 6 52 16 59 10 84 17 15 38 79 56 35 49 13 47 54 83 61 9 14 68 27 75 12 41 66 76 50 3 85 29 87 33 70 30 22 65 40 69 20 48 89 1 55 23 2 51 8 46 74 39 11 32 42 18 71 24 73 78 
cost 8548904.72
Improved
0 37 64 31 36 67 88 43 28 19 5 53 60 63 44 72 25 62 80 58 34 4 77 82 81 86 7 26 57 21 45 6 52 16 59 10 84 17 15 38 79 56 71 49 83 47 13 54 61 9 14 68 27 75 12 41 66 76 50 3 85 29 87 70 30 22 33 65 40 69 20 48 89 1 51 2 23 55 8 46 74 39 11 32 42 18 35 24 73 78 
cost 8322279.23

TSP050.txt
Nearest neighbour
0 10 20 18 45 23 16 33 48 43 40 1 6 32 25 21 24 46 19 9 27 26 8 42 38 5 28 29 31 3 15 13 17 34 49 30 35 2 39 47 36 7 14 4 37 41 12 22 44 11 
cost 7233916.84
Improved
0 10 20 18 45 23 16 33 48 43 40 1 6 32 25 21 24 46 19 9 27 42 8 26 38 5 28 29 31 3 15 13 17 34 49 30 35 2 39 47 36 7 14 4 37 11 44 22 12 41 
cost 7074929.52

TSP270.txt
Nearest neighbour
0 141 200 14 140 48 180 218 54 8 239 34 108 251 68 46 111 107 86 127 158 37 97 268 110 50 156 234 119 217 36 52 133 121 75 260 71 93 45 224 85 123 61 254 112 148 199 81 16 230 154 157 150 139 209 185 117 170 161 30 165 104 76 142 144 118 190 208 160 116 256 53 248 220 223 237 245 210 113 196 221 143 79 18 263 232 163 91 194 241 211 264 222 67 33 94 109 63 164 162 15 192 38 26 219 12 1 138 31 72 247 78 195 21 60 228 246 120 9 167 197 41 261 226 173 88 126 149 244 59 62 115 27 130 177 32 235 57 7 171 136 87 35 49 82 153 231 28 250 193 243 137 269 102 183 179 184 11 178 174 258 90 23 203 212 198 214 262 56 182 73 181 24 145 252 215 77 3 114 233 206 10 58 169 43 44 74 103 207 225 151 128 152 216 240 122 19 135 168 266 201 39 55 95 4 40 84 267 96 146 80 22 69 176 204 13 83 106 101 188 2 175 92 66 131 89 42 189 253 249 255 124 6 105 5 65 205 134 202 213 51 242 229 227 236 70 98 129 100 238 29 187 147 166 186 265 172 132 257 155 99 47 259 25 191 17 20 125 64 159 
cost 14092071.22
Improved
0 141 200 14 140 180 48 218 54 8 239 34 108 251 68 46 111 107 86 127 158 37 97 268 110 50 156 234 119 217 36 52 133 121 75 260 71 93 45 224 85 123 61 254 112 148 199 81 16 230 154 157 150 139 209 185 117 170 161 30 165 104 76 142 144 118 190 160 116 208 256 53 220 223 248 237 245 210 113 196 221 143 79 18 263 232 163 91 194 241 211 264 222 67 33 94 164 109 63 162 15 192 26 38 12 219 1 138 31 72 247 78 195 21 60 228 246 120 9 41 167 197 261 226 173 88 126 149 244 59 62 115 27 130 177 32 11 235 57 7 171 136 87 82 153 49 250 231 28 193 243 137 269 102 183 179 184 35 178 174 258 90 23 203 212 198 214 262 56 182 73 181 24 145 252 215 77 3 114 233 206 58 10 169 43 44 74 103 207 225 151 128 152 216 240 122 19 135 168 266 201 95 55 39 4 40 84 267 96 146 80 22 69 176 204 13 83 106 101 188 2 175 66 131 92 89 42 189 253 249 255 124 6 105 5 65 205 134 202 242 213 51 229 227 236 70 98 129 100 238 29 187 147 166 186 265 257 132 172 155 99 47 259 25 191 17 20 125 64 159 
cost 13400251.61

TSP040.txt
Nearest neighbour
0 6 2 17 31 9 23 21 32 37 3 36 26 20 10 30 18 33 35 34 39 38 7 11 8 13 5 4 15 16 27 25 14 28 22 24 12 1 19 29 
cost 5070351.73
Improved
0 6 2 17 3 37 9 21 23 31 32 36 26 20 10 30 18 33 35 34 39 38 7 11 8 13 5 4 15 16 27 25 14 28 22 24 12 1 19 29 
cost 4811814.63

TSP200.txt
Nearest neighbour
0 85 14 137 60 136 175 174 186 162 117 64 113 145 114 22 43 71 19 26 102 81 45 6 37 195 187 135 20 160 76 169 182 173 104 31 8 196 99 138 72 192 120 141 168 118 55 163 86 79 165 44 27 199 155 24 153 73 133 15 97 132 93 191 110 123 54 92 179 119 38 127 28 146 9 30 18 32 152 5 134 52 63 48 183 122 198 36 84 65 2 151 149 197 56 178 94 176 57 17 189 166 66 185 96 88 69 144 172 130 194 142 70 4 98 111 103 131 167 157 109 58 148 150 49 143 156 170 188 171 82 125 177 12 91 1 184 87 139 78 180 108 23 39 29 80 75 34 89 193 112 42 68 50 41 154 90 181 11 10 115 147 106 126 107 128 51 129 101 100 35 21 161 59 7 13 105 16 158 124 40 62 67 140 83 116 190 74 53 164 33 77 121 47 46 25 3 159 61 95 
cost 12651522.28
Improved
0 95 61 159 3 25 46 47 121 77 33 164 53 74 190 83 116 140 67 40 62 124 158 16 105 13 7 59 161 21 35 100 101 129 51 128 107 126 106 147 115 10 11 181 154 90 41 50 68 42 112 193 89 34 75 80 29 39 23 108 180 78 139 87 184 1 91 12 177 125 82 171 188 170 156 49 143 150 148 58 109 157 167 111 103 131 98 4 70 142 194 130 172 144 69 88 166 66 185 96 189 17 57 176 178 94 56 197 149 2 151 65 84 36 198 122 183 48 63 52 134 5 152 32 18 30 9 146 28 127 38 119 179 92 54 123 110 191 93 132 97 133 15 73 153 24 155 199 27 44 165 79 86 163 55 118 168 141 120 192 72 138 99 196 8 31 104 173 182 76 169 160 20 135 187 195 37 6 45 81 102 26 19 71 43 22 114 145 113 64 162 117 186 174 175 136 60 85 14 137 
cost 12468450.37

TSP160.txt
Nearest neighbour
0 87 125 47 143 44 155 55 149 27 33 37 91 112 12 106 131 151 141 148 135 133 14 118 71 108 69 36 57 5 159 137 31 77 30 111 2 99 17 48 104 94 24 73 60 84 56 13 81 103 82 128 23 121 92 105 65 129 144 75 43 22 54 97 28 52 20 29 25 83 140 1 66 4 139 89 62 86 101 50 49 58 15 113 120 122 80 59 79 117 40 76 153 110 35 154 51 124 19 8 67 26 145 114 96 16 152 126 45 123 74 38 11 63 127 21 150 46 138 72 68 100 132 146 136 88 158 90 42 119 142 3 34 70 156 61 95 64 32 109 85 107 9 98 18 157 93 53 116 7 130 147 10 6 41 134 39 78 102 115 
cost 10386508.78
Improved
0 87 125 47 143 44 155 55 149 27 33 37 12 112 91 106 131 151 148 141 135 133 14 118 71 108 69 36 57 5 159 137 31 77 30 111 2 99 17 48 104 94 24 73 60 84 56 13 81 103 82 128 23 121 92 105 65 129 144 75 43 22 54 97 28 52 20 29 25 83 1 140 66 4 139 89 62 86 101 50 49 58 15 120 113 80 122 59 79 117 40 76 153 110 35 154 51 124 19 8 16 26 67 145 114 96 152 126 45 38 74 123 11 63 127 21 150 46 138 72 100 132 68 146 136 88 90 158 42 119 142 3 34 70 156 61 95 64 32 109 85 9 107 98 18 157 93 53 116 7 130 147 10 6 41 134 39 78 102 115 
cost 10179466.37

TSP140.txt
Nearest neighbour
0 26 63 122 100 99 127 72 139 136 126 66 71 75 84 16 128 37 23 109 33 86 14 103 22 74 17 92 101 120 42 44 135 6 43 4 87 68 119 110 131 50 46 125 93 13 31 106 123 51 61 64 105 104 130 91 116 98 15 83 107 40 36 27 39 34 124 138 114 102 52 21 81 76 57 38 53 29 69 60 85 113 2 62 5 59 134 18 118 12 20 80 94 111 41 96 129 48 55 115 65 49 24 54 137 32 90 56 25 79 35 8 73 121 45 78 77 117 3 19 9 28 70 82 67 132 7 1 112 30 10 89 133 97 88 108 11 95 58 47 
cost 10442430.75
Improved
0 26 63 122 100 99 72 127 139 126 71 66 136 16 75 84 128 37 23 109 33 86 14 103 22 74 92 17 101 120 42 44 135 6 43 4 87 68 119 110 131 50 64 93 125 13 31 106 123 51 61 46 105 104 116 91 130 98 107 83 15 40 36 27 39 34 124 138 114 102 52 21 81 76 57 38 53 29 69 60 85 113 2 62 5 59 134 18 118 12 20 80 94 111 41 96 129 48 55 115 65 49 24 54 137 32 56 25 90 79 35 8 73 121 45 78 77 117 3 28 9 19 70 82 67 132 7 1 112 10 30 89 133 97 88 108 11 95 58 47 
cost 10190153.94

TSP060.txt
Nearest neighbour
0 29 45 43 12 32 50 6 16 21 46 44 51 42 17 24 41 55 7 58 47 53 34 20 18 26 28 54 37 9 8 19 4 33 1 3 31 40 35 22 30 57 49 15 38 5 27 23 52 10 36 14 56 13 11 39 59 2 25 48 
cost 6790375.29
Improved
0 2 25 29 45 43 12 32 50 6 16 44 46 21 51 42 17 24 41 55 7 34 53 47 58 20 18 26 28 54 37 9 8 19 4 33 1 3 31 40 35 22 30 57 49 27 15 38 5 23 52 10 36 14 56 13 11 39 59 48 
cost 6440766.79

TSP080.txt
Nearest neighbour
0 30 51 23 73 48 66 27 62 13 72 17 54 16 52 74 44 79 38 46 55 60 11 24 50 40 78 53 8 19 71 56 70 57 35 26 63 41 14 7 9 10 45 21 75 22 42 29 68 43 5 4 64 47 32 37 65 6 28 76 25 39 58 12 33 31 15 3 49 34 1 36 59 20 61 69 2 77 18 67 
cost 7995717.22
Improved
0 18 30 51 23 73 48 66 27 62 13 72 17 54 16 52 44 74 79 38 46 60 55 11 24 50 40 78 53 8 19 71 56 70 57 35 26 63 41 14 7 9 10 45 21 75 22 42 68 29 43 5 4 64 47 32 37 65 6 28 76 25 39 58 12 33 31 15 3 49 34 1 36 59 20 61 69 2 77 67 
cost 7819328.29

TSP180.txt
Nearest neighbour
0 74 28 63 67 95 53 89 99 2 171 48 132 135 8 43 27 85 111 42 82 118 173 59 104 11 108 55 12 5 37 145 114 64 88 35 139 170 96 47 154 15 110 9 4 160 161 178 156 141 162 30 66 131 100 22 151 149 129 73 112 179 31 69 19 143 120 148 107 23 49 54 121 83 103 16 18 93 38 6 65 34 140 87 109 50 94 77 45 40 1 116 71 70 164 175 147 20 122 177 146 14 91 3 24 133 105 166 75 126 172 57 102 134 21 97 33 158 81 52 56 127 128 68 32 136 153 39 115 36 169 137 144 25 150 79 13 176 46 17 130 123 117 101 26 174 51 167 84 76 138 29 98 44 78 168 72 163 62 155 60 157 90 124 7 80 10 86 58 92 125 142 152 119 61 159 41 165 113 106 
cost 11820273.40
Improved
0 74 28 63 67 95 53 99 89 2 171 48 132 135 8 43 27 85 111 42 82 118 173 59 104 11 108 55 12 5 37 145 114 64 88 35 139 170 96 47 154 15 110 9 4 160 161 178 156 141 162 30 66 131 100 22 151 149 129 112 73 179 69 31 120 19 143 148 107 23 49 54 83 103 121 16 18 93 38 34 140 65 6 109 87 50 40 45 77 94 116 1 71 70 164 175 147 122 177 20 146 14 91 3 24 166 105 133 75 126 172 57 102 134 21 97 33 158 81 52 56 127 128 68 32 153 136 39 115 36 169 137 144 25 150 79 13 176 46 17 130 123 117 101 26 174 51 167 84 76 138 29 98 44 78 168 163 72 62 155 60 157 90 124 7 10 80 86 58 92 125 142 152 159 119 61 41 165 113 106 
cost 11446194.34

TSP190.txt
Nearest neighbour
0 68 102 97 121 78 52 173 103 30 24 151 70 145 184 31 98 91 99 186 74 131 57 181 9 44 160 67 4 80 64 3 5 132 40 8 84 62 41 51 87 135 13 140 129 29 61 34 133 35 23 189 18 15 66 32 16 83 158 100 155 60 167 1 185 46 77 148 11 177 93 73 94 136 108 56 125 95 26 96 159 12 153 79 113 172 182 143 112 165 166 187 17 183 19 168 109 2 42 28 188 146 106 33 53 72 101 47 161 120 20 119 154 27 104 111 59 50 45 63 65 156 49 76 171 142 122 39 7 10 130 127 37 69 134 137 141 178 90 152 118 149 114 116 163 92 164 54 117 14 175 144 169 71 176 82 21 128 107 139 180 89 36 162 126 123 25 170 105 124 85 157 174 179 150 38 22 75 58 138 110 81 147 48 6 115 86 55 43 88 
cost 12655395.04
Improved
0 68 102 97 121 78 52 173 103 151 24 30 70 145 184 98 127 99 186 91 74 177 11 9 181 44 4 67 158 80 64 3 5 132 40 8 84 62 41 51 87 135 13 140 129 29 35 133 34 61 189 23 18 15 66 16 32 160 83 100 155 60 167 1 185 46 148 77 57 93 73 94 136 108 125 56 131 95 26 96 159 12 153 79 113 172 182 143 112 165 166 187 17 183 19 168 109 2 42 28 188 146 106 33 53 72 101 47 161 120 119 20 154 27 104 111 59 50 45 63 65 156 49 76 171 142 122 39 7 10 130 31 37 69 134 137 178 141 90 152 118 149 114 116 163 92 164 54 117 14 175 144 169 71 176 82 21 128 107 139 180 89 36 162 126 25 123 170 105 85 157 174 124 179 150 38 22 75 58 138 110 81 147 48 6 115 86 55 43 88 
cost 11835386.92

TSP260.txt
Nearest neighbour
0 31 43 36 133 7 109 239 40 81 210 103 191 252 259 182 13 174 4 42 206 166 17 205 216 156 141 230 238 257 157 175 79 250 214 112 92 74 34 35 26 104 223 61 33 192 51 120 125 25 155 234 38 249 228 118 186 226 140 110 162 15 67 10 139 211 68 218 101 106 190 256 225 209 11 164 168 177 213 123 49 47 97 179 44 50 215 167 119 219 117 137 161 55 163 65 142 66 158 178 217 73 248 62 58 131 245 107 171 159 115 116 72 184 121 70 89 129 5 189 247 231 165 21 16 114 37 28 130 85 185 126 153 75 19 235 144 124 146 102 56 86 204 83 201 154 2 9 147 152 227 1 237 160 193 94 105 20 183 69 41 136 246 233 172 199 197 127 255 98 236 208 254 24 241 27 29 91 243 22 96 138 113 71 80 244 99 53 251 170 63 76 18 82 212 95 46 132 229 6 181 151 173 60 224 128 14 39 240 78 258 88 194 77 8 253 242 150 195 198 100 32 143 84 54 221 52 30 23 207 149 59 222 176 180 169 148 3 188 122 145 200 203 90 220 196 93 87 135 48 64 12 108 202 45 232 187 134 111 57 
cost 14104275.90
Improved
0 31 43 36 133 7 109 239 40 81 210 103 191 182 259 252 13 174 4 42 206 166 17 216 205 156 141 230 238 257 157 175 79 250 214 112 92 74 34 35 26 104 223 61 33 192 51 120 125 25 155 234 38 249 228 118 186 226 140 162 110 67 10 106 139 211 101 218 68 15 190 256 225 209 11 164 168 177 213 123 49 47 97 179 44 50 215 167 119 219 117 137 161 55 163 65 142 66 158 178 217 73 248 62 58 131 245 107 171 159 115 116 72 184 121 70 89 129 5 231 247 189 165 21 16 114 37 28 130 85 185 126 153 75 19 235 144 102 146 124 56 86 204 83 201 154 2 9 152 147 227 1 237 160 193 94 105 20 183 69 41 136 246 233 172 199 197 127 255 98 236 208 254 24 29 241 27 91 243 22 96 138 113 71 80 244 99 53 251 170 63 76 18 82 212 95 46 132 229 6 181 151 173 60 224 128 14 39 77 194 88 78 258 240 8 253 198 195 150 242 100 32 143 84 54 221 52 30 23 207 149 59 222 176 180 169 148 3 188 122 145 200 203 90 220 196 93 87 135 48 64 12 108 45 202 232 187 134 111 57 
cost 13773476.05

TSP290.txt
Nearest neighbour
0 9 215 218 201 137 196 104 142 59 56 241 283 131 149 287 139 266 150 259 83 144 177 96 170 5 268 101 257 38 219 135 85 212 271 133 282 289 15 204 164 126 121 155 31 158 24 205 16 162 47 45 216 261 120 84 100 79 154 217 251 25 161 26 279 112 228 106 107 167 143 263 88 284 252 90 62 182 117 67 99 125 168 165 138 17 98 115 267 43 198 42 21 157 184 175 113 189 65 53 286 134 258 269 225 89 214 118 191 208 147 74 153 32 256 148 229 179 207 227 183 37 128 95 210 285 123 86 66 48 50 102 51 274 250 202 36 213 194 260 262 54 187 199 116 185 4 278 238 7 57 174 130 80 151 245 29 276 71 181 203 166 64 270 247 230 136 209 193 221 87 192 236 70 108 75 3 200 222 275 132 58 52 33 18 93 34 82 12 72 249 254 63 76 197 234 156 152 8 78 69 27 211 60 119 145 224 122 91 255 141 13 232 206 110 146 39 186 127 92 273 28 223 103 233 44 23 73 180 242 288 240 111 105 10 97 68 239 265 35 40 244 46 195 30 172 281 163 140 159 176 22 231 243 160 61 188 237 114 109 169 264 2 124 49 178 81 129 272 14 277 220 246 173 6 226 19 20 94 235 1 248 41 11 77 55 280 190 253 171 
cost 15097461.11
Improved
0 9 215 218 201 137 196 104 142 59 56 241 283 131 149 287 139 266 150 259 83 144 177 96 170 5 268 257 101 38 219 135 85 271 212 282 133 289 15 204 164 126 121 155 31 158 24 205 16 162 45 47 216 261 120 84 100 79 154 217 251 25 161 26 279 112 228 106 107 167 143 263 252 88 284 90 62 182 117 67 168 99 125 165 138 17 98 115 267 43 42 198 21 157 184 175 113 189 53 65 286 134 258 269 89 225 214 118 191 208 147 74 153 32 256 148 229 179 207 227 183 37 128 95 210 123 285 66 86 48 50 102 51 274 202 250 36 213 194 260 262 54 199 187 174 57 7 4 278 185 116 238 130 80 151 245 29 276 71 181 203 166 64 270 247 230 136 209 193 221 87 192 236 70 108 75 3 200 222 275 132 58 52 18 33 93 34 82 12 72 249 254 63 76 197 234 156 152 8 78 69 27 211 60 119 145 224 122 91 255 141 13 232 110 206 146 39 186 127 92 273 28 223 103 233 44 23 73 180 242 288 240 111 97 10 105 68 239 265 35 40 244 46 172 30 195 281 159 163 140 176 22 231 243 160 61 188 237 114 109 169 264 2 124 49 178 81 129 272 14 277 220 246 173 6 226 19 20 94 235 1 248 41 11 77 55 280 190 253 171 
cost 14580918.79

TSP100.txt
Nearest neighbour
0 44 10 48 7 71 27 45 66 94 69 43 31 62 81 6 20 33 92 93 32 5 99 38 86 52 67 76 60 75 18 21 63 77 23 11 89 91 85 47 35 83 41 29 57 34 3 54 36 82 16 59 61 73 64 26 25 12 49 79 80 98 90 88 50 4 40 14 95 28 97 74 56 87 17 70 65 78 55 84 30 51 1 13 15 2 96 53 72 19 58 8 24 42 37 22 39 9 46 68 
cost 9336373.76
Improved
0 10 48 7 71 27 45 66 94 69 43 31 62 81 6 20 33 92 93 32 5 99 38 86 96 24 76 60 75 18 21 63 77 23 11 89 91 85 35 83 47 41 29 57 34 3 54 36 82 16 59 61 73 12 64 26 25 49 79 80 98 90 88 50 4 40 14 95 28 97 74 56 87 17 70 65 78 55 84 30 51 1 13 15 2 52 19 53 72 58 8 67 42 22 37 39 9 46 68 44 
cost 9131775.80

TSP210.txt
Nearest neighbour
0 14 165 160 1 124 142 33 193 172 149 133 74 143 87 148 52 94 25 162 15 205 144 192 61 39 138 42 106 167 158 62 82 147 44 59 16 126 164 34 101 190 75 204 57 115 24 2 67 159 70 123 137 180 98 8 203 139 175 152 173 150 19 12 120 125 145 166 176 209 13 127 104 134 66 182 177 170 103 17 140 45 89 76 105 197 60 65 100 157 168 31 79 78 107 108 58 64 71 68 122 207 3 153 48 81 54 141 84 131 93 47 6 196 10 40 80 169 178 161 118 200 146 88 202 30 4 184 163 20 132 113 121 110 56 111 191 53 63 199 36 85 179 32 171 135 112 50 28 43 117 86 55 51 18 7 41 130 129 155 95 11 201 73 109 35 151 49 128 187 26 185 91 189 186 194 208 183 37 119 46 69 114 99 77 90 29 96 9 72 181 38 195 21 174 188 198 27 156 116 154 97 102 23 5 83 136 22 92 206 
cost 13307536.70
Improved
0 14 165 160 1 124 142 33 193 172 149 133 74 143 87 148 52 25 94 162 15 205 144 192 61 138 39 42 106 167 158 62 82 147 59 16 44 164 126 34 101 190 75 204 57 115 24 2 67 159 70 137 123 180 98 8 203 139 175 152 173 150 19 12 120 125 145 166 176 209 13 127 104 134 66 182 177 170 103 17 140 45 89 76 105 197 60 65 100 157 168 31 79 78 107 108 58 64 71 68 122 207 3 81 48 153 54 141 84 131 93 47 6 196 10 40 80 169 178 161 118 200 146 88 202 30 4 184 163 20 132 113 121 110 56 111 191 53 63 199 36 85 179 32 112 135 171 50 28 43 117 86 55 51 7 18 41 130 129 155 95 201 11 73 109 35 151 49 128 187 26 185 91 189 186 194 208 183 37 69 46 119 114 99 77 90 29 96 9 72 181 38 195 21 174 188 198 27 156 116 154 97 102 23 5 83 136 22 92 206 
cost 13232552.26

TSP010.txt
Nearest neighbour
0 4 6 3 2 8 5 1 7 9 
cost 2731239.70
Improved
0 4 6 3 2 8 5 1 7 9 
cost 2731239.70

